0.0
0.0
0.0
0.0
7.692307692307692E-4
0.003076923076923077
0.0015384615384615385
0.005384615384615384
0.008461538461538461
0.013076923076923076
0.016923076923076923
0.022307692307692306
0.036153846153846154
0.046153846153846156
0.05923076923076923
0.07846153846153846
0.08461538461538462
0.11923076923076924
0.17692307692307693
0.18153846153846154
0.23461538461538461
0.28846153846153844
0.3353846153846154
0.39153846153846156
0.4584615384615385
0.5261538461538462
0.6276923076923077
0.7107692307692308
0.7884615384615384
0.926923076923077
0.9938461538461538
1.166923076923077
1.2161538461538461
1.4338461538461538
1.59
1.7223076923076923
1.7776923076923077
1.9653846153846153
2.0976923076923075
2.203076923076923
2.3646153846153846
2.4523076923076923
2.5876923076923077
2.727692307692308
2.812307692307692
2.7884615384615383
2.920769230769231
2.919230769230769
3.0246153846153847
3.0315384615384615
3.0092307692307694
3.0530769230769232
2.9615384615384617
2.963846153846154
2.7484615384615383
2.7484615384615383
2.663846153846154
2.5576923076923075
2.5276923076923077
2.276153846153846
2.263076923076923
2.0930769230769233
1.93
1.7669230769230768
1.7138461538461538
1.6123076923076922
1.4384615384615385
1.2869230769230768
1.2346153846153847
1.0669230769230769
0.9115384615384615
0.8346153846153846
0.6784615384615384
0.6430769230769231
0.5623076923076923
0.47692307692307695
0.3853846153846154
0.31461538461538463
0.26615384615384613
0.24461538461538462
0.2
0.15461538461538463
0.12153846153846154
0.09384615384615384
0.07692307692307693
0.054615384615384614
0.04
0.033846153846153845
0.012307692307692308
0.016923076923076923
0.006923076923076923
0.006153846153846154
0.006153846153846154
0.003076923076923077
0.0
0.0
0.0
7.692307692307692E-4
0.0
0.0
