  0.0000000e+000  6.1543235e-001
  1.0000000e+000  7.9193704e-001
  2.0000000e+000  9.2181297e-001
  3.0000000e+000  7.3820725e-001
  4.0000000e+000  1.7626614e-001
  5.0000000e+000  4.0570621e-001
  6.0000000e+000  9.3546970e-001
  7.0000000e+000  9.1690444e-001
  8.0000000e+000  4.1027021e-001
  9.0000000e+000  8.9364953e-001
  1.0000000e+001  5.7891305e-002
  1.1000000e+001  3.5286813e-001
  1.2000000e+001  8.1316650e-001
  1.3000000e+001  9.8613007e-003
  1.4000000e+001  1.3889088e-001
  1.5000000e+001  2.0276522e-001
  1.6000000e+001  1.9872174e-001
  1.7000000e+001  6.0379248e-001
  1.8000000e+001  2.7218792e-001
  1.9000000e+001  1.9881427e-001
  2.0000000e+001  1.5273927e-002
  2.1000000e+001  7.4678568e-001
  2.2000000e+001  4.4509643e-001
  2.3000000e+001  9.3181458e-001
  2.4000000e+001  4.6599434e-001
  2.5000000e+001  4.1864947e-001
  2.6000000e+001  8.4622142e-001
  2.7000000e+001  5.2515250e-001
  2.8000000e+001  2.0264736e-001
  2.9000000e+001  6.7213747e-001
  3.0000000e+001  8.3811845e-001
  3.1000000e+001  1.9639514e-002
  3.2000000e+001  6.8127716e-001
  3.3000000e+001  3.7948102e-001
  3.4000000e+001  8.3179602e-001
  3.5000000e+001  5.0281288e-001
  3.6000000e+001  7.0947139e-001
  3.7000000e+001  4.2889237e-001
  3.8000000e+001  3.0461737e-001
  3.9000000e+001  1.8965375e-001
  4.0000000e+001  1.9343116e-001
  4.1000000e+001  6.8222322e-001
  4.2000000e+001  3.0276440e-001
  4.3000000e+001  5.4167385e-001
  4.4000000e+001  1.5087298e-001
  4.5000000e+001  6.9789848e-001
  4.6000000e+001  3.7837300e-001
  4.7000000e+001  8.6001160e-001
  4.8000000e+001  8.5365513e-001
  4.9000000e+001  5.9356291e-001
  5.0000000e+001  4.9655245e-001
  5.1000000e+001  8.9976918e-001
  5.2000000e+001  8.2162916e-001
  5.3000000e+001  6.4491038e-001
  5.4000000e+001  8.1797434e-001
  5.5000000e+001  6.6022756e-001
  5.6000000e+001  3.4197062e-001
  5.7000000e+001  2.8972590e-001
  5.8000000e+001  3.4119357e-001
  5.9000000e+001  5.3407902e-001
  6.0000000e+001  7.2711322e-001
  6.1000000e+001  3.0929016e-001
  6.2000000e+001  8.3849604e-001
  6.3000000e+001  5.6807246e-001
  6.4000000e+001  3.7041356e-001
  6.5000000e+001  7.0273991e-001
  6.6000000e+001  5.4657115e-001
  6.7000000e+001  4.4488020e-001
  6.8000000e+001  6.9456724e-001
  6.9000000e+001  6.2131013e-001
  7.0000000e+001  7.9482108e-001
  7.1000000e+001  9.5684345e-001
  7.2000000e+001  5.2259035e-001
  7.3000000e+001  8.8014221e-001
  7.4000000e+001  1.7295614e-001
  7.5000000e+001  9.7974690e-001
  7.6000000e+001  2.7144726e-001
  7.7000000e+001  2.5232935e-001
  7.8000000e+001  8.7574190e-001
  7.9000000e+001  7.3730599e-001
  8.0000000e+001  1.3651874e-001
  8.1000000e+001  1.1756687e-002
  8.2000000e+001  8.9389797e-001
  8.3000000e+001  1.9913807e-001
  8.4000000e+001  2.9872301e-001
  8.5000000e+001  6.6144258e-001
  8.6000000e+001  2.8440859e-001
  8.7000000e+001  4.6922429e-001
  8.8000000e+001  6.4781123e-002
  8.9000000e+001  9.8833494e-001
  9.0000000e+001  5.8279168e-001
  9.1000000e+001  4.2349626e-001
  9.2000000e+001  5.1551175e-001
  9.3000000e+001  3.3395148e-001
  9.4000000e+001  4.3290660e-001
  9.5000000e+001  2.2594987e-001
  9.6000000e+001  5.7980687e-001
  9.7000000e+001  7.6036501e-001
  9.8000000e+001  5.2982312e-001
  9.9000000e+001  6.4052650e-001
  1.0000000e+002  2.0906940e-001
  1.0100000e+002  3.7981837e-001
  1.0200000e+002  7.8332865e-001
  1.0300000e+002  6.8084575e-001
  1.0400000e+002  4.6109513e-001
  1.0500000e+002  5.6782871e-001
  1.0600000e+002  7.9421065e-001
  1.0700000e+002  5.9182593e-002
  1.0800000e+002  6.0286909e-001
  1.0900000e+002  5.0268804e-002
  1.1000000e+002  4.1537486e-001
  1.1100000e+002  3.0499868e-001
  1.1200000e+002  8.7436717e-001
  1.1300000e+002  1.5009499e-002
  1.1400000e+002  7.6795039e-001
  1.1500000e+002  9.7084494e-001
  1.1600000e+002  9.9008259e-001
  1.1700000e+002  7.8886169e-001
  1.1800000e+002  4.3865853e-001
  1.1900000e+002  4.9831130e-001
  1.2000000e+002  2.1396333e-001
  1.2100000e+002  6.4349229e-001
  1.2200000e+002  3.2003558e-001
  1.2300000e+002  9.6009860e-001
  1.2400000e+002  7.2663177e-001
  1.2500000e+002  4.1195321e-001
  1.2600000e+002  7.4456578e-001
  1.2700000e+002  2.6794725e-001
  1.2800000e+002  4.3992431e-001
  1.2900000e+002  9.3338011e-001
  1.3000000e+002  6.8333232e-001
  1.3100000e+002  2.1255986e-001
  1.3200000e+002  8.3923824e-001
  1.3300000e+002  6.2878460e-001
  1.3400000e+002  1.3377275e-001
  1.3500000e+002  2.0713273e-001
  1.3600000e+002  6.0719894e-001
  1.3700000e+002  6.2988785e-001
  1.3800000e+002  3.7047683e-001
  1.3900000e+002  5.7514778e-001
  1.4000000e+002  4.5142483e-001
  1.4100000e+002  4.3895325e-002
  1.4200000e+002  2.7185123e-002
  1.4300000e+002  3.1268505e-001
  1.4400000e+002  1.2862575e-002
  1.4500000e+002  3.8396729e-001
  1.4600000e+002  6.8311597e-001
  1.4700000e+002  9.2842462e-002
  1.4800000e+002  3.5338324e-002
  1.4900000e+002  6.1239548e-001
  1.5000000e+002  6.0854036e-001
  1.5100000e+002  1.5759818e-002
  1.5200000e+002  1.6354934e-002
  1.5300000e+002  1.9007459e-001
  1.5400000e+002  5.8691847e-001
  1.5500000e+002  5.7581090e-002
  1.5600000e+002  3.6756804e-001
  1.5700000e+002  6.3145116e-001
  1.5800000e+002  7.1763442e-001
  1.5900000e+002  6.9266939e-001
  1.6000000e+002  8.4079061e-002
  1.6100000e+002  4.5435515e-001
  1.6200000e+002  4.4182830e-001
  1.6300000e+002  3.5325046e-001
  1.6400000e+002  1.5360636e-001
  1.6500000e+002  6.7564465e-001
  1.6600000e+002  6.9921333e-001
  1.6700000e+002  7.2750913e-001
  1.6800000e+002  4.7838438e-001
  1.6900000e+002  5.5484199e-001
  1.7000000e+002  1.2104711e-001
  1.7100000e+002  4.5075394e-001
  1.7200000e+002  7.1588295e-001
  1.7300000e+002  8.9284161e-001
  1.7400000e+002  2.7310247e-001
  1.7500000e+002  2.5476930e-001
  1.7600000e+002  8.6560348e-001
  1.7700000e+002  2.3235037e-001
  1.7800000e+002  8.0487174e-001
  1.7900000e+002  9.0839754e-001
  1.8000000e+002  2.3189432e-001
  1.8100000e+002  2.3931256e-001
  1.8200000e+002  4.9754484e-002
  1.8300000e+002  7.8384075e-002
  1.8400000e+002  6.4081541e-001
  1.8500000e+002  1.9088657e-001
  1.8600000e+002  8.4386950e-001
  1.8700000e+002  1.7390025e-001
  1.8800000e+002  1.7079281e-001
  1.8900000e+002  9.9429549e-001
  1.9000000e+002  4.3979086e-001
  1.9100000e+002  3.4004795e-001
  1.9200000e+002  3.1421731e-001
  1.9300000e+002  3.6507839e-001
  1.9400000e+002  3.9323955e-001
  1.9500000e+002  5.9152520e-001
  1.9600000e+002  1.1974662e-001
  1.9700000e+002  3.8128797e-002
  1.9800000e+002  4.5859795e-001
  1.9900000e+002  8.6986735e-001
  2.0000000e+002  9.3423652e-001
  2.0100000e+002  2.6444917e-001
  2.0200000e+002  1.6030034e-001
  2.0300000e+002  8.7285526e-001
  2.0400000e+002  2.3788031e-001
  2.0500000e+002  6.4583125e-001
  2.0600000e+002  9.6688742e-001
  2.0700000e+002  6.6493121e-001
  2.0800000e+002  8.7038103e-001
  2.0900000e+002  9.9273048e-003
  2.1000000e+002  1.3700989e-001
  2.1100000e+002  8.1875583e-001
  2.1200000e+002  4.3016605e-001
  2.1300000e+002  8.9032172e-001
  2.1400000e+002  7.3490821e-001
  2.1500000e+002  6.8732359e-001
  2.1600000e+002  3.4611197e-001
  2.1700000e+002  1.6603474e-001
  2.1800000e+002  1.5561258e-001
  2.1900000e+002  1.9111631e-001
  2.2000000e+002  4.2245153e-001
  2.2100000e+002  8.5597571e-001
  2.2200000e+002  4.9024999e-001
  2.2300000e+002  8.1593477e-001
  2.2400000e+002  4.6076983e-001
  2.2500000e+002  4.5735438e-001
  2.2600000e+002  4.5068888e-001
  2.2700000e+002  4.1221906e-001
  2.2800000e+002  9.0160982e-001
  2.2900000e+002  5.5839392e-003
  2.3000000e+002  2.9740568e-001
  2.3100000e+002  4.9162489e-002
  2.3200000e+002  6.9318045e-001
  2.3300000e+002  6.5010641e-001
  2.3400000e+002  9.8298778e-001
  2.3500000e+002  5.5267324e-001
  2.3600000e+002  4.0007352e-001
  2.3700000e+002  1.9878852e-001
  2.3800000e+002  6.2520102e-001
  2.3900000e+002  7.3336280e-001
  2.4000000e+002  3.7588548e-001
  2.4100000e+002  9.8764629e-003
  2.4200000e+002  4.1985781e-001
  2.4300000e+002  7.5366963e-001
  2.4400000e+002  7.9387177e-001
  2.4500000e+002  9.1995721e-001
  2.4600000e+002  8.4472150e-001
  2.4700000e+002  3.6775288e-001
  2.4800000e+002  6.2080133e-001
  2.4900000e+002  7.3127726e-001
  2.5000000e+002  1.9389318e-001
  2.5100000e+002  9.0481233e-001
  2.5200000e+002  5.6920575e-001
  2.5300000e+002  6.3178993e-001
  2.5400000e+002  2.3441296e-001
  2.5500000e+002  5.4878213e-001
  2.5600000e+002  9.3158335e-001
  2.5700000e+002  3.3519743e-001
  2.5800000e+002  6.5553106e-001
  2.5900000e+002  3.9190421e-001
  2.6000000e+002  6.2731479e-001
  2.6100000e+002  6.9908014e-001
  2.6200000e+002  3.9718395e-001
  2.6300000e+002  4.1362890e-001
  2.6400000e+002  6.5521295e-001
  2.6500000e+002  8.3758510e-001
  2.6600000e+002  3.7160803e-001
  2.6700000e+002  4.2525316e-001
  2.6800000e+002  5.9466337e-001
  2.6900000e+002  5.6573857e-001
  2.7000000e+002  7.1654240e-001
  2.7100000e+002  5.1131145e-001
  2.7200000e+002  7.7640121e-001
  2.7300000e+002  4.8934548e-001
  2.7400000e+002  1.8590445e-001
  2.7500000e+002  7.0063541e-001
  2.7600000e+002  9.8270880e-001
  2.7700000e+002  8.0663775e-001
  2.7800000e+002  7.0356766e-001
  2.7900000e+002  4.8496372e-001
  2.8000000e+002  1.1461282e-001
  2.8100000e+002  6.6485557e-001
  2.8200000e+002  3.6537389e-001
  2.8300000e+002  1.4004446e-001
  2.8400000e+002  5.6677280e-001
  2.8500000e+002  8.2300831e-001
  2.8600000e+002  6.7394863e-001
  2.8700000e+002  9.9944730e-001
  2.8800000e+002  9.6163641e-001
  2.8900000e+002  5.8862165e-002
  2.9000000e+002  3.6031117e-001
  2.9100000e+002  5.4851281e-001
  2.9200000e+002  2.6176957e-001
  2.9300000e+002  5.9734485e-001
  2.9400000e+002  4.9277997e-002
  2.9500000e+002  5.7105749e-001
  2.9600000e+002  7.0085723e-001
  2.9700000e+002  9.6228826e-001
  2.9800000e+002  7.5051823e-001
  2.9900000e+002  7.3999305e-001
  3.0000000e+002  4.3187339e-001
  3.0100000e+002  6.3426596e-001
  3.0200000e+002  8.0302634e-001
  3.0300000e+002  8.3881007e-002
  3.0400000e+002  9.4546279e-001
  3.0500000e+002  9.1594246e-001
  3.0600000e+002  6.0198742e-001
  3.0700000e+002  2.5356058e-001
  3.0800000e+002  8.7345081e-001
  3.0900000e+002  5.1340071e-001
  3.1000000e+002  7.3265065e-001
  3.1100000e+002  4.2222659e-001
  3.1200000e+002  9.6137000e-001
  3.1300000e+002  7.2059239e-002
  3.1400000e+002  5.5340797e-001
  3.1500000e+002  2.9198392e-001
  3.1600000e+002  8.5796351e-001
  3.1700000e+002  3.3575514e-001
  3.1800000e+002  6.8020385e-001
  3.1900000e+002  5.3444421e-002
  3.2000000e+002  3.5665554e-001
  3.2100000e+002  4.9830460e-001
  3.2200000e+002  4.3444054e-001
  3.2300000e+002  5.6245842e-001
  3.2400000e+002  6.1662113e-001
  3.2500000e+002  1.1333998e-001
  3.2600000e+002  8.9825174e-001
  3.2700000e+002  7.5455138e-001
  3.2800000e+002  7.9112320e-001
  3.2900000e+002  8.1495207e-001
  3.3000000e+002  6.7000386e-001
  3.3100000e+002  2.0087641e-001
  3.3200000e+002  2.7308816e-001
  3.3300000e+002  6.2623464e-001
  3.3400000e+002  5.3685169e-001
  3.3500000e+002  5.9504051e-002
  3.3600000e+002  8.8961759e-002
  3.3700000e+002  2.7130817e-001
  3.3800000e+002  4.0907232e-001
  3.3900000e+002  4.7404145e-001
  3.4000000e+002  9.0898935e-001
  3.4100000e+002  5.9624714e-001
  3.4200000e+002  3.2895530e-001
  3.4300000e+002  4.7819443e-001
  3.4400000e+002  5.9717078e-001
  3.4500000e+002  1.6144875e-001
  3.4600000e+002  8.2947425e-001
  3.4700000e+002  9.5612241e-001
  3.4800000e+002  5.9554800e-001
  3.4900000e+002  2.8748213e-002
  3.5000000e+002  8.1211782e-001
  3.5100000e+002  6.1011358e-001
  3.5200000e+002  7.0149260e-001
  3.5300000e+002  9.2196203e-002
  3.5400000e+002  4.2488914e-001
  3.5500000e+002  3.7557666e-001
  3.5600000e+002  1.6615408e-001
  3.5700000e+002  8.3315146e-001
  3.5800000e+002  8.3863970e-001
  3.5900000e+002  4.5161403e-001
  3.6000000e+002  9.5660138e-001
  3.6100000e+002  1.4715324e-001
  3.6200000e+002  8.6993293e-001
  3.6300000e+002  7.6943640e-001
  3.6400000e+002  4.4416162e-001
  3.6500000e+002  6.2062012e-001
  3.6600000e+002  9.5168928e-001
  3.6700000e+002  6.4000966e-001
  3.6800000e+002  2.4732763e-001
  3.6900000e+002  3.5270199e-001
  3.7000000e+002  1.8786048e-001
  3.7100000e+002  4.9064436e-001
  3.7200000e+002  4.0927433e-001
  3.7300000e+002  4.6352558e-001
  3.7400000e+002  6.1094355e-001
  3.7500000e+002  7.1168466e-002
  3.7600000e+002  3.1428029e-001
  3.7700000e+002  6.0838366e-001
  3.7800000e+002  1.7502018e-001
  3.7900000e+002  6.2102743e-001
  3.8000000e+002  2.4595993e-001
  3.8100000e+002  5.8735822e-001
  3.8200000e+002  5.0605345e-001
  3.8300000e+002  4.6477892e-001
  3.8400000e+002  5.4141893e-001
  3.8500000e+002  9.4232657e-001
  3.8600000e+002  3.4175909e-001
  3.8700000e+002  4.0180434e-001
  3.8800000e+002  3.0768794e-001
  3.8900000e+002  4.1156796e-001
  3.9000000e+002  2.8593923e-001
  3.9100000e+002  3.9412761e-001
  3.9200000e+002  5.0301449e-001
  3.9300000e+002  7.2197985e-001
  3.9400000e+002  3.0620855e-001
  3.9500000e+002  1.1216371e-001
  3.9600000e+002  4.4328996e-001
  3.9700000e+002  4.6676255e-001
  3.9800000e+002  1.4668875e-002
  3.9900000e+002  6.6405187e-001
  4.0000000e+002  7.2406171e-001
  4.0100000e+002  2.8163360e-001
  4.0200000e+002  2.6181868e-001
  4.0300000e+002  7.0847140e-001
  4.0400000e+002  7.8385902e-001
  4.0500000e+002  9.8615781e-001
  4.0600000e+002  4.7334271e-001
  4.0700000e+002  9.0281883e-001
  4.0800000e+002  4.5105876e-001
  4.0900000e+002  8.0451681e-001
  4.1000000e+002  8.2886448e-001
  4.1100000e+002  1.6627012e-001
  4.1200000e+002  3.9390601e-001
  4.1300000e+002  5.2075748e-001
  4.1400000e+002  7.1812397e-001
  4.1500000e+002  5.6918952e-001
  4.1600000e+002  4.6080617e-001
  4.1700000e+002  4.4530705e-001
  4.1800000e+002  8.7744606e-002
  4.1900000e+002  4.4348322e-001
  4.2000000e+002  3.6629985e-001
  4.2100000e+002  3.0253382e-001
  4.2200000e+002  8.5184470e-001
  4.2300000e+002  7.5947939e-001
  4.2400000e+002  9.4975928e-001
  4.2500000e+002  5.5793851e-001
  4.2600000e+002  1.4233016e-002
  4.2700000e+002  5.9617708e-001
  4.2800000e+002  8.1620571e-001
  4.2900000e+002  9.7709235e-001
  4.3000000e+002  2.2190808e-001
  4.3100000e+002  7.0368367e-001
  4.3200000e+002  5.2206092e-001
  4.3300000e+002  9.3289706e-001
  4.3400000e+002  7.1335444e-001
  4.3500000e+002  2.2803890e-001
  4.3600000e+002  4.4964210e-001
  4.3700000e+002  1.7219970e-001
  4.3800000e+002  9.6882014e-001
  4.3900000e+002  3.5571610e-001
  4.4000000e+002  4.9046828e-002
  4.4100000e+002  7.5533857e-001
  4.4200000e+002  8.9481276e-001
  4.4300000e+002  2.8614965e-001
  4.4400000e+002  2.5120055e-001
  4.4500000e+002  9.3273619e-001
  4.4600000e+002  1.3098247e-001
  4.4700000e+002  9.4081954e-001
  4.4800000e+002  7.0185317e-001
  4.4900000e+002  8.4767647e-001
  4.5000000e+002  2.0927164e-001
  4.5100000e+002  4.5509169e-001
  4.5200000e+002  8.1073725e-002
  4.5300000e+002  8.5112240e-001
  4.5400000e+002  5.6204868e-001
  4.5500000e+002  3.1929630e-001
  4.5600000e+002  3.7489926e-001
  4.5700000e+002  8.6779570e-001
  4.5800000e+002  3.7217624e-001
  4.5900000e+002  7.3690056e-002
  4.6000000e+002  1.9983800e-001
  4.6100000e+002  4.9493280e-002
  4.6200000e+002  5.6670978e-001
  4.6300000e+002  1.2192475e-001
  4.6400000e+002  5.2211176e-001
  4.6500000e+002  1.1706015e-001
  4.6600000e+002  7.6991848e-001
  4.6700000e+002  3.7505580e-001
  4.6800000e+002  8.2338720e-001
  4.6900000e+002  4.6636146e-002
  4.7000000e+002  5.9791326e-001
  4.7100000e+002  9.4915039e-001
  4.7200000e+002  2.8879765e-001
  4.7300000e+002  8.8883261e-001
  4.7400000e+002  1.0158548e-001
  4.7500000e+002  6.5314507e-002
  4.7600000e+002  2.3429973e-001
  4.7700000e+002  9.3309842e-001
  4.7800000e+002  6.3127896e-002
  4.7900000e+002  2.6421766e-001
  4.8000000e+002  9.9953167e-001
  4.8100000e+002  2.1198796e-001
  4.8200000e+002  4.9840980e-001
  4.8300000e+002  2.9048830e-001
  4.8400000e+002  6.7275441e-001
  4.8500000e+002  9.5799112e-001
  4.8600000e+002  7.6655153e-001
  4.8700000e+002  6.6612374e-001
  4.8800000e+002  1.3094482e-001
  4.8900000e+002  9.5413016e-002
  4.9000000e+002  1.4864337e-002
  4.9100000e+002  2.8819335e-001
  4.9200000e+002  8.1673121e-001
  4.9300000e+002  9.8548351e-001
  4.9400000e+002  1.7362693e-002
  4.9500000e+002  8.1939293e-001
  4.9600000e+002  6.2113871e-001
  4.9700000e+002  5.6022204e-001
  4.9800000e+002  2.4403153e-001
  4.9900000e+002  8.2200759e-001
